43
47
47
62
39
48
60
53
48
45
38
51
43
43
51
47
47
54
54
43
72
40
57
98
53
54
48
54
65
59
49
60
47
57
59
45
56
55
38
48
53
82
76
60
76
64
73
61
49
70
56
51
48
40
65
37
46
39
51
58
55
42
42
44
44
35
50
44
60
49
44
51
53
48
58
47
41
51
39
67
83
92
68
66
70
57
59
86
62
88
42
54
61
54
41
42
49
51
49
39
52
56
81
61
48
44
35
62
67
38
47
46
37
63
47
53
55
35
52
57
53
56
71
68
60
56
71
105
67
60
47
49
58
49
50
34
47
54
44
59
46
47
48
48
56
67
47
46
54
65
51
48
36
47
51
51
34
44
44
51
64
68
60
49
47
63
57
61
48
66
53
55
56
70
52
59
48
52
47
49
40
58
83
39
48
49
57
55
38
47
57
70
49
43
61
51
42
51
41
37
84
59
76
67
55
76
63
62
69
69
41
45
63
41
51
50
58
52
76
55
63
53
46
65
52
48
60
48
63
61
53
58
69
53
51
56
44
38
43
53
90
74
66
80
68
56
94
66
83
56
59
40
58
62
72
50
56
66
42
49
43
58
60
64
49
59
48
66
55
62
69
57
40
49
73
55
48
53
62
59
83
87
67
97
97
82
68
72
97
76
46
65
53
51
53
58
64
41
44
46
43
63
58
50
50
53
61
58
48
52
61
60
57
68
54
44
35
54
65
51
65
60
55
77
53
59
58
61
65
53
68
44
69
67
63
52
58
58
60
47
57
53
60
50
60
58
61
63
59
59
66
44
61
59
64
46
56
63
59
59
79
69
81
83
79
73
92
72
55
80
46
54
56
59
71
63
65
58
57
60
55
54
53
53
55
69
56
67
62
60
51
56
57
57
65
60
46
57
64
51
86
89
85
78
97
102
92
85
90
99
58
48
58
47
52
64
66
82
59
75
54
43
57
67
62
58
52
62
56
60
50
54
51
57
55
56
42
49
64
63
82
92
81
86
100
94
80
89
58
64
64
63
57
56
55
55
45
50
58
59
55
48
45
51
63
48
65
57
63
54
50
57
58
58
55
44
59
54
