 Instance  No. Proj  Res Cost Type   Alpha      Objective      Gap     Runtime                 Resources                
------------------------------------------------------------------------------------------------------------------------
    1         2        Constant       1.0        15527.0       0.0      51.51            [1.0, 2.0, -0.0, 1.0]          
    1         2        Constant       0.0        15527.0       0.0      51.45            [1.0, 2.0, -0.0, 1.0]          
    1         2        Constant       0.5        15527.0       0.0      51.89            [1.0, 2.0, -0.0, 1.0]          
    1         2        Variable       1.0        15463.0       0.0      141.25            [1.0, 2.0, 0.0, 1.0]          
    1         2        Variable       0.0        15463.0       0.0      144.54            [1.0, 2.0, 0.0, 1.0]          
    1         2        Variable       0.5        15463.0       0.0      141.82            [1.0, 2.0, 0.0, 1.0]          
    1         3        Constant       1.0        17032.0       0.0      600.08            [7.0, 4.0, 1.0, 6.0]          
    1         3        Constant       0.0        17032.0       0.0      600.05            [7.0, 4.0, 1.0, 6.0]          
    1         3        Constant       0.5        17032.0       0.0      600.17            [7.0, 4.0, 1.0, 6.0]          
    1         3        Variable       1.0        16444.0       0.02     600.09            [7.0, 3.0, 1.0, 9.0]          
    1         3        Variable       0.0        16444.0       0.02     600.18            [7.0, 3.0, 1.0, 9.0]          
    1         3        Variable       0.5        16444.0       0.02     600.09            [7.0, 3.0, 1.0, 9.0]          
